pi = 4.*atan(1.)
x0_M12 = 0.0000753
x1_M12 = 0.0000753
nn_M12 = 1
x0_M23 = 0.002464
x1_M23 = 0.002554
nn_M23 = 13
x0_S12 = 0.307
x1_S12 = 0.307
nn_S12 = 1
x0_S13 = 0.0197
x1_S13 = 0.0239
nn_S13 = 13
x0_S23 = 0.426
x1_S23 = 0.579
nn_S23 = 19
x0_CP = -3.14159265359
x1_CP = 3.14159265359
nn_CP = 61
