pi = 4.*atan(1.)

x0_CP = -pi
x1_CP =  pi
nn_CP = 61

x0_M23 = 0.002419
x1_M23 = 0.002599
nn_M23 = 13

x0_S23 = 0.324
x1_S23 = 0.630
nn_S23 = 31

x0_S13 = 0.0197
x1_S13 = 0.0260
nn_S13 = 19
