pi = 4.*atan(1.)

x0_M23 = 0.002464
x1_M23 = 0.002554
nn_M23 = 13

x0_S13 = 0.0197
x1_S13 = 0.0239
nn_S13 = 13

x0_S23 = 0.426
x1_S23 = 0.579
nn_S23 = 31

x0_CP = -3.14159265359
x1_CP = 0.0
nn_CP = 31
